channels:
  - conda-forge
  - bioconda
  - defaults
dependencies:
  - blast=2.7.1=h4422958_6
  - perl-archive-tar=2.18=pl526_3
  - perl-carp=1.38=pl526_1
  - perl-compress-raw-bzip2=2.074=pl526hfc679d8_0
  - perl-compress-raw-zlib=2.081=pl526h2d50403_0
  - perl-data-dumper=2.161=pl526_2
  - perl-encode=2.88=pl526_1
  - perl-exporter=5.72=pl526_1
  - perl-exporter-tiny=1.000000=pl526_0
  - perl-extutils-makemaker=7.34=pl526_2
  - perl-io-compress=2.069=pl526hfc679d8_5
  - perl-io-zlib=1.10=pl526_2
  - perl-list-moreutils=0.428=pl526_1
  - perl-list-moreutils-xs=0.428=pl526_0
  - perl-parent=0.236=pl526_1
  - perl-pathtools=3.73=h470a237_2
  - perl-scalar-list-utils=1.45=pl526h470a237_3
  - perl-test-more=1.001002=pl526_1
  - perl-xsloader=0.24=pl526_0
  - asn1crypto=0.24.0=py35_3
  - beautifulsoup4=4.6.3=py35_0
  - biopython=1.72=py35_0
  - boost=1.67.0=py35h3e44d54_0
  - boost-cpp=1.67.0=h3a22d5f_0
  - bzip2=1.0.6=h470a237_2
  - ca-certificates=2018.10.15=ha4d7672_0
  - certifi=2018.8.24=py35_1001
  - cffi=1.11.5=py35h5e8e0c9_1
  - chardet=3.0.4=py35_3
  - cryptography=2.3.1=py35hdffb7b8_0
  - cryptography-vectors=2.3.1=py35_0
  - gmp=6.1.2=hfc679d8_0
  - gnutls=3.5.19=h2a4e5f8_1
  - icu=58.2=hfc679d8_0
  - idna=2.7=py35_2
  - libgfortran-ng=7.2.0=hdf63c60_3
  - mkl_fft=1.0.6=py35_0
  - mkl_random=1.0.1=py35_0
  - nettle=3.3=0
  - openssl=1.0.2p=h470a237_1
  - pcre=8.41=hfc679d8_3
  - perl=5.26.2=h470a237_0
  - pycparser=2.19=py_0
  - pyopenssl=18.0.0=py35_0
  - pysocks=1.6.8=py35_2
  - pyyaml=3.13=py35h470a237_1
  - requests=2.19.1=py35_1
  - requests-ftp=0.3.1=py35_0
  - six=1.11.0=py35_1
  - urllib3=1.23=py35_1
  - yaml=0.1.7=h470a237_1
  - blas=1.0=mkl
  - intel-openmp=2019.0=118
  - libedit=3.1.20170329=h6b74fdf_2
  - libffi=3.2.1=hd88cf55_4
  - libgcc-ng=8.2.0=hdf63c60_1
  - libstdcxx-ng=8.2.0=hdf63c60_1
  - mkl=2019.0=118
  - ncurses=6.1=hf484d3e_0
  - numpy=1.15.2=py35h1d66e8a_0
  - numpy-base=1.15.2=py35h81de0dd_0
  - pip=10.0.1=py35_0
  - python=3.5.6=hc3d631a_0
  - readline=7.0=h7b6447c_5
  - setuptools=40.2.0=py35_0
  - sqlite=3.25.2=h7b6447c_0
  - tk=8.6.8=hbc83047_0
  - wheel=0.31.1=py35_0
  - xz=5.2.4=h14c3975_4
  - zlib=1.2.11=ha838bed_2
