channels:
  - bioconda
  - conda-forge
  - defaults
dependencies:
  - _libgcc_mutex=0.1=main
  - asn1crypto=0.24.0=py36_1003
  - beautifulsoup4=4.6.3=py36_1000
  - biopython=1.72=py36_0
  - blas=1.0=mkl
  - blast=2.7.1=h4422958_6
  - boost=1.67.0=py36h3e44d54_0
  - boost-cpp=1.67.0=h3a22d5f_0
  - bzip2=1.0.6=h470a237_2
  - ca-certificates=2019.10.16=0
  - certifi=2019.9.11=py36_0
  - cffi=1.11.5=py36h5e8e0c9_1
  - chardet=3.0.4=py36_1003
  - cryptography=2.3.1=py36hdffb7b8_0
  - cryptography-vectors=2.3.1=py36_1000
  - cython=0.29=py36hfc679d8_0
  - gmp=6.1.2=hfc679d8_0
  - gnutls=3.5.19=h2a4e5f8_1
  - icu=58.2=hfc679d8_0
  - idna=2.7=py36_1002
  - intel-openmp=2019.0=118
  - libffi=3.2.1=hfc679d8_5
  - libgcc-ng=7.2.0=hdf63c60_3
  - libgfortran-ng=7.2.0=hdf63c60_3
  - libstdcxx-ng=7.2.0=hdf63c60_3
  - mkl=2018.0.3=1
  - mkl_fft=1.0.6=py36_0
  - mkl_random=1.0.1=py36_0
  - ncurses=6.1=hfc679d8_1
  - nettle=3.3=0
  - numpy=1.14.2=py36hdbf6ddf_0
  - numpy-base=1.15.0=py36h1793315_0
  - openssl=1.0.2p=h470a237_1
  - pcre=8.41=hfc679d8_3
  - perl=5.26.2=h470a237_0
  - perl-archive-tar=2.18=pl526_3
  - perl-carp=1.38=pl526_1
  - perl-compress-raw-bzip2=2.074=pl526hfc679d8_0
  - perl-compress-raw-zlib=2.081=pl526h2d50403_0
  - perl-data-dumper=2.161=pl526_2
  - perl-encode=2.88=pl526_1
  - perl-exporter=5.72=pl526_1
  - perl-exporter-tiny=1.000000=pl526_0
  - perl-extutils-makemaker=7.34=pl526_2
  - perl-io-compress=2.069=pl526hfc679d8_5
  - perl-io-zlib=1.10=pl526_2
  - perl-list-moreutils=0.428=pl526_1
  - perl-list-moreutils-xs=0.428=pl526_0
  - perl-parent=0.236=pl526_1
  - perl-pathtools=3.73=h470a237_2
  - perl-scalar-list-utils=1.45=pl526h470a237_3
  - perl-test-more=1.001002=pl526_1
  - perl-xsloader=0.24=pl526_0
  - pip=18.1=py36_1000
  - pkginfo=1.4.2=py_1
  - pycparser=2.19=py_0
  - pyopenssl=18.0.0=py36_1000
  - pysocks=1.6.8=py36_1002
  - python=3.6.6=h5001a0f_3
  - readline=7.0=haf1bffa_1
  - requests=2.22.0=py36_0
  - requests-ftp=0.3.1=py36_0
  - requests-toolbelt=0.8.0=py_1
  - setuptools=40.5.0=py36_0
  - six=1.11.0=py36_1001
  - sqlite=3.25.2=hb1c47c0_0
  - tk=8.6.8=ha92aebf_0
  - tqdm=4.28.1=py_0
  - twine=1.11.0=py_1
  - wheel=0.32.2=py36_0
  - xz=5.2.4=h470a237_1
  - yaml=0.1.7=h470a237_1
  - zlib=1.2.11=h470a237_3
  - pip:
    - pyyaml==4.2b1
    - reference-data-manager==0.8.2
    - urllib3==1.25.2

